101 49
35   27
 88   38
 99   79
 65   39
 15   12
 84   25
 17   82
 80   33
  3   45
 76   42
 36   34
 49   51
  8   89
 68   14
 74    6
 98   57
 62   44
 77   53
 11   21
  5   31
 48   72
 64   55
 28   26
 37    2
 91   60
 30   97
 23   47
 69    4
100   18
 85   22
 78   71
  9   66
 52   54
 81   75
 58   96
 16   24
 59   95
 10   50
 46   41
 43   92
 70   87
 67   29
 93    7
 86   61
 13   20
 73   32
 19   56
 90   94
 83   63
  1   40