303 vertices, 744 edges 
0 0 
0 0 
0 0 
1 1 
1 1 
1 1 
2 2 
2 37 
2 37 
2 37 
2 2 
2 37 
2 37 
2 37 
2 2 
2 37 
2 37 
2 37 
3 3 
3 45 
3 45 
3 45 
3 3 
3 45 
3 45 
3 45 
3 3 
3 45 
3 45 
3 45 
4 4 
4 69 
4 69 
4 69 
4 4 
4 69 
4 69 
4 69 
4 4 
4 69 
4 69 
4 69 
5 5 
5 31 
5 31 
5 31 
5 5 
5 31 
5 31 
5 31 
5 5 
5 31 
5 31 
5 31 
6 6 
6 74 
6 74 
6 74 
6 6 
6 74 
6 74 
6 74 
6 6 
6 74 
6 74 
6 74 
7 7 
7 93 
7 93 
7 93 
7 7 
7 93 
7 93 
7 93 
7 7 
7 93 
7 93 
7 93 
8 8 
8 89 
8 89 
8 89 
8 8 
8 89 
8 89 
8 89 
8 8 
8 89 
8 89 
8 89 
9 9 
9 66 
9 66 
9 66 
9 9 
9 66 
9 66 
9 66 
9 9 
9 66 
9 66 
9 66 
10 10 
10 50 
10 50 
10 50 
10 10 
10 50 
10 50 
10 50 
10 10 
10 50 
10 50 
10 50 
11 11 
11 21 
11 21 
11 21 
11 11 
11 21 
11 21 
11 21 
11 11 
11 21 
11 21 
11 21 
12 12 
12 15 
12 15 
12 15 
12 12 
12 15 
12 15 
12 15 
12 12 
12 15 
12 15 
12 15 
13 13 
13 20 
13 20 
13 20 
13 13 
13 20 
13 20 
13 20 
13 13 
13 20 
13 20 
13 20 
14 14 
14 68 
14 68 
14 68 
14 14 
14 68 
14 68 
14 68 
14 14 
14 68 
14 68 
14 68 
15 15 
15 15 
15 15 
16 16 
16 24 
16 24 
16 24 
16 16 
16 24 
16 24 
16 24 
16 16 
16 24 
16 24 
16 24 
17 17 
17 82 
17 82 
17 82 
17 17 
17 82 
17 82 
17 82 
17 17 
17 82 
17 82 
17 82 
18 18 
18 100 
18 100 
18 100 
18 18 
18 100 
18 100 
18 100 
18 18 
18 100 
18 100 
18 100 
19 19 
19 56 
19 56 
19 56 
19 19 
19 56 
19 56 
19 56 
19 19 
19 56 
19 56 
19 56 
20 20 
20 20 
20 20 
21 21 
21 21 
21 21 
22 22 
22 85 
22 85 
22 85 
22 22 
22 85 
22 85 
22 85 
22 22 
22 85 
22 85 
22 85 
23 23 
23 47 
23 47 
23 47 
23 23 
23 47 
23 47 
23 47 
23 23 
23 47 
23 47 
23 47 
24 24 
24 24 
24 24 
25 25 
25 84 
25 84 
25 84 
25 25 
25 84 
25 84 
25 84 
25 25 
25 84 
25 84 
25 84 
26 26 
26 28 
26 28 
26 28 
26 26 
26 28 
26 28 
26 28 
26 26 
26 28 
26 28 
26 28 
27 27 
27 35 
27 35 
27 35 
27 27 
27 35 
27 35 
27 35 
27 27 
27 35 
27 35 
27 35 
28 28 
28 28 
28 28 
29 29 
29 67 
29 67 
29 67 
29 29 
29 67 
29 67 
29 67 
29 29 
29 67 
29 67 
29 67 
30 30 
30 97 
30 97 
30 97 
30 30 
30 97 
30 97 
30 97 
30 30 
30 97 
30 97 
30 97 
31 31 
31 31 
31 31 
32 32 
32 73 
32 73 
32 73 
32 32 
32 73 
32 73 
32 73 
32 32 
32 73 
32 73 
32 73 
33 33 
33 80 
33 80 
33 80 
33 33 
33 80 
33 80 
33 80 
33 33 
33 80 
33 80 
33 80 
34 34 
34 36 
34 36 
34 36 
34 34 
34 36 
34 36 
34 36 
34 34 
34 36 
34 36 
34 36 
35 35 
35 35 
35 35 
36 36 
36 36 
36 36 
37 37 
37 37 
37 37 
38 38 
38 88 
38 88 
38 88 
38 38 
38 88 
38 88 
38 88 
38 38 
38 88 
38 88 
38 88 
39 39 
39 65 
39 65 
39 65 
39 39 
39 65 
39 65 
39 65 
39 39 
39 65 
39 65 
39 65 
40 40 
40 40 
40 40 
41 41 
41 46 
41 46 
41 46 
41 41 
41 46 
41 46 
41 46 
41 41 
41 46 
41 46 
41 46 
42 42 
42 76 
42 76 
42 76 
42 42 
42 76 
42 76 
42 76 
42 42 
42 76 
42 76 
42 76 
43 43 
43 92 
43 92 
43 92 
43 43 
43 92 
43 92 
43 92 
43 43 
43 92 
43 92 
43 92 
44 44 
44 62 
44 62 
44 62 
44 44 
44 62 
44 62 
44 62 
44 44 
44 62 
44 62 
44 62 
45 45 
45 45 
45 45 
46 46 
46 46 
46 46 
47 47 
47 47 
47 47 
48 48 
48 72 
48 72 
48 72 
48 48 
48 72 
48 72 
48 72 
48 48 
48 72 
48 72 
48 72 
49 49 
49 51 
49 51 
49 51 
49 49 
49 51 
49 51 
49 51 
49 49 
49 51 
49 51 
49 51 
50 50 
50 50 
50 50 
51 51 
51 51 
51 51 
52 52 
52 54 
52 54 
52 54 
52 52 
52 54 
52 54 
52 54 
52 52 
52 54 
52 54 
52 54 
53 53 
53 77 
53 77 
53 77 
53 53 
53 77 
53 77 
53 77 
53 53 
53 77 
53 77 
53 77 
54 54 
54 54 
54 54 
55 55 
55 64 
55 64 
55 64 
55 55 
55 64 
55 64 
55 64 
55 55 
55 64 
55 64 
55 64 
56 56 
56 56 
56 56 
57 57 
57 98 
57 98 
57 98 
57 57 
57 98 
57 98 
57 98 
57 57 
57 98 
57 98 
57 98 
58 58 
58 96 
58 96 
58 96 
58 58 
58 96 
58 96 
58 96 
58 58 
58 96 
58 96 
58 96 
59 59 
59 95 
59 95 
59 95 
59 59 
59 95 
59 95 
59 95 
59 59 
59 95 
59 95 
59 95 
60 60 
60 91 
60 91 
60 91 
60 60 
60 91 
60 91 
60 91 
60 60 
60 91 
60 91 
60 91 
61 61 
61 86 
61 86 
61 86 
61 61 
61 86 
61 86 
61 86 
61 61 
61 86 
61 86 
61 86 
62 62 
62 62 
62 62 
63 63 
63 83 
63 83 
63 83 
63 63 
63 83 
63 83 
63 83 
63 63 
63 83 
63 83 
63 83 
64 64 
64 64 
64 64 
65 65 
65 65 
65 65 
66 66 
66 66 
66 66 
67 67 
67 67 
67 67 
68 68 
68 68 
68 68 
69 69 
69 69 
69 69 
70 70 
70 87 
70 87 
70 87 
70 70 
70 87 
70 87 
70 87 
70 70 
70 87 
70 87 
70 87 
71 71 
71 78 
71 78 
71 78 
71 71 
71 78 
71 78 
71 78 
71 71 
71 78 
71 78 
71 78 
72 72 
72 72 
72 72 
73 73 
73 73 
73 73 
74 74 
74 74 
74 74 
75 75 
75 81 
75 81 
75 81 
75 75 
75 81 
75 81 
75 81 
75 75 
75 81 
75 81 
75 81 
76 76 
76 76 
76 76 
77 77 
77 77 
77 77 
78 78 
78 78 
78 78 
79 79 
79 99 
79 99 
79 99 
79 79 
79 99 
79 99 
79 99 
79 79 
79 99 
79 99 
79 99 
80 80 
80 80 
80 80 
81 81 
81 81 
81 81 
82 82 
82 82 
82 82 
83 83 
83 83 
83 83 
84 84 
84 84 
84 84 
85 85 
85 85 
85 85 
86 86 
86 86 
86 86 
87 87 
87 87 
87 87 
88 88 
88 88 
88 88 
89 89 
89 89 
89 89 
90 90 
90 94 
90 94 
90 94 
90 90 
90 94 
90 94 
90 94 
90 90 
90 94 
90 94 
90 94 
91 91 
91 91 
91 91 
92 92 
92 92 
92 92 
93 93 
93 93 
93 93 
94 94 
94 94 
94 94 
95 95 
95 95 
95 95 
96 96 
96 96 
96 96 
97 97 
97 97 
97 97 
98 98 
98 98 
98 98 
99 99 
99 99 
99 99 
100 100 
100 100 
100 100 

